2022-04-04 13:18:00.751754: [-9.440337145996093, -0.6967126831054687, -2.6599580444335937, -2.0839694656488548, -3.6030534351145036, 0.0]
2022-04-04 13:18:00.780348: [-9.476250170898437, -0.6871358764648438, -2.6767174560546874, -2.099236641221374, -3.633587786259542, -0.05343511450381679]
2022-04-04 13:18:00.808843: [-9.430760339355468, -0.6536170532226562, -2.6695348510742187, -2.1908396946564888, -3.717557251908397, -0.09923664122137404]
2022-04-04 13:18:00.837324: [-9.483432775878907, -0.6560112548828124, -2.7629087158203123, -2.068702290076336, -3.7251908396946565, -0.0916030534351145]
2022-04-04 13:18:00.865818: [-9.502586389160156, -0.6967126831054687, -2.6288334228515624, -1.9770992366412214, -3.6030534351145036, -0.08396946564885496]
2022-04-04 13:18:00.894308: [-9.41639512939453, -0.6655880615234374, -2.6384102294921874, -2.0916030534351147, -5.801526717557252, -0.09923664122137404]
2022-04-04 13:18:00.922787: [-9.526528405761718, -0.6584054565429687, -2.722207287597656, -2.1908396946564888, -3.6259541984732824, -0.015267175572519083]
2022-04-04 13:18:00.951269: [-9.636661682128906, -0.6560112548828124, -2.6767174560546874, -1.8396946564885497, -3.595419847328244, 0.1450381679389313]
2022-04-04 13:18:00.979747: [-9.45470235595703, -0.6631938598632812, -2.5737667846679684, -1.8931297709923665, -3.4885496183206106, -0.06870229007633588]
2022-04-04 13:18:01.014570: [-9.45470235595703, -0.6847416748046875, -2.7533319091796873, -2.0229007633587788, -3.5114503816793894, 0.13740458015267176]
2022-04-04 13:18:01.043391: [-9.430760339355468, -0.6512228515624999, -2.89219560546875, -2.0916030534351147, -3.450381679389313, -1.9465648854961832]
2022-04-04 13:18:01.072114: [-9.457096557617186, -0.6584054565429687, -2.540247961425781, -2.015267175572519, -3.687022900763359, 0.022900763358778626]
2022-04-04 13:18:01.100697: [-9.433154541015625, -0.6560112548828124, -2.6958710693359373, -2.1755725190839694, -3.83206106870229, 0.030534351145038167]
2022-04-04 13:18:01.129397: [-9.485826977539062, -0.6631938598632812, -2.767697119140625, -2.015267175572519, -3.5114503816793894, -0.030534351145038167]
2022-04-04 13:18:01.158082: [-9.473855969238281, -0.6919242797851562, -2.703053674316406, -1.900763358778626, -3.6106870229007635, 0.09923664122137404]
2022-04-04 13:18:01.186793: [-9.483432775878907, -0.6703764648437499, -2.712630480957031, -2.1603053435114505, -3.786259541984733, 0.015267175572519083]
2022-04-04 13:18:01.215514: [-9.543287817382812, -0.6847416748046875, -2.806004345703125, -2.16793893129771, -3.5114503816793894, -1.9541984732824427]
2022-04-04 13:18:01.244228: [-9.37808790283203, -0.6679822631835937, -2.710236279296875, -3.9083969465648853, -3.4198473282442747, 0.19083969465648856]
2022-04-04 13:18:01.273107: [-9.435548742675781, -0.6536170532226562, -2.722207287597656, -2.0381679389312977, -3.618320610687023, -0.1297709923664122]
2022-04-04 13:18:01.301657: [-9.519345800781249, -0.6512228515624999, -2.6910826660156246, -2.1755725190839694, -3.732824427480916, -0.030534351145038167]
2022-04-04 13:18:01.330541: [-9.497797985839844, -0.6823474731445313, -2.779668127441406, -2.053435114503817, -3.7480916030534353, -0.1297709923664122]
2022-04-04 13:18:01.359097: [-9.488221179199218, -0.70868369140625, -2.6958710693359373, -2.053435114503817, -3.5267175572519083, -0.007633587786259542]
2022-04-04 13:18:01.387647: [-9.483432775878907, -0.7589619262695312, -2.7557261108398436, -2.1297709923664123, -3.7557251908396947, 0.04580152671755725]
2022-04-04 13:18:01.416260: [-9.457096557617186, -0.6679822631835937, -2.6671406494140624, -2.015267175572519, -3.633587786259542, -0.0916030534351145]
2022-04-04 13:18:01.444869: [-9.433154541015625, -0.6272808349609375, -2.767697119140625, -1.9923664122137406, -3.6717557251908395, 0.022900763358778626]
2022-04-04 13:18:01.473475: [-9.356540087890625, -0.6655880615234374, -2.7174188842773437, -2.030534351145038, -3.6259541984732824, -0.030534351145038167]
2022-04-04 13:18:01.502012: [-9.521740002441407, -0.6272808349609375, -2.722207287597656, -2.114503816793893, -3.6106870229007635, 0.07633587786259542]
2022-04-04 13:18:01.530563: [-9.469067565917967, -0.6057330200195312, -2.6096798095703124, -2.045801526717557, -3.4198473282442747, -0.0916030534351145]
2022-04-04 13:18:01.559217: [-9.49300958251953, -0.6871358764648438, -2.741360900878906, -2.015267175572519, -3.6946564885496183, -0.16793893129770993]
2022-04-04 13:18:01.587807: [-9.457096557617186, -0.6775590698242188, -2.748543505859375, -2.0916030534351147, -3.572519083969466, -0.20610687022900764]
2022-04-04 13:18:01.616407: [-9.411606726074218, -0.6919242797851562, -2.7246014892578123, -2.0610687022900764, -3.5572519083969465, -0.061068702290076333]
2022-04-04 13:18:01.644991: [-9.471461767578125, -0.603338818359375, -2.7078420776367187, -1.984732824427481, -3.732824427480916, 1.9312977099236641]
2022-04-04 13:18:01.673616: [-9.4618849609375, -0.718260498046875, -2.6695348510742187, -2.1068702290076335, -3.5114503816793894, 0.05343511450381679]
2022-04-04 13:18:01.702217: [-9.41639512939453, -0.6464344482421874, -2.731784094238281, -2.0610687022900764, -3.687022900763359, 1.9389312977099236]
2022-04-04 13:18:01.730804: [-9.425971936035156, -0.6607996582031249, -2.73896669921875, -2.030534351145038, -3.519083969465649, -0.015267175572519083]
2022-04-04 13:18:01.759393: [-9.402029919433593, -0.6584054565429687, -2.6791116577148437, -1.9618320610687023, -3.7251908396946565, -1.9541984732824427]
2022-04-04 13:18:01.788006: [-9.414000927734374, -0.6751648681640625, -2.6503812377929687, -2.068702290076336, -3.7786259541984735, -1.9465648854961832]
2022-04-04 13:18:01.828034: [-9.466673364257812, -0.6248866333007812, -2.6910826660156246, -0.061068702290076333, -3.786259541984733, -0.06870229007633588]
2022-04-04 13:18:01.868233: [-9.4618849609375, -0.6344634399414062, -2.7820623291015623, -3.885496183206107, -3.7099236641221376, 0.030534351145038167]
2022-04-04 13:18:01.908484: [-9.495403784179686, -0.6416460449218749, -2.626439221191406, -2.114503816793893, -3.7022900763358777, 1.9389312977099236]
2022-04-04 13:18:01.948677: [-9.4618849609375, -0.7110778930664062, -2.70065947265625, -2.1297709923664123, -3.4198473282442747, 0.10687022900763359]
2022-04-04 13:18:01.988904: [-9.414000927734374, -0.6751648681640625, -2.645592834472656, -1.900763358778626, -3.5419847328244276, -1.8931297709923665]
2022-04-04 13:18:02.029141: [-9.576806640625, -0.6392518432617187, -2.6886884643554687, -2.1755725190839694, -3.763358778625954, 0.022900763358778626]
2022-04-04 13:18:02.069302: [-9.49300958251953, -0.6943184814453125, -2.6910826660156246, -3.8931297709923665, -3.633587786259542, 0.10687022900763359]
2022-04-04 13:18:02.109580: [-9.488221179199218, -0.6655880615234374, -2.612074011230469, -2.198473282442748, -3.7099236641221376, 0.1450381679389313]
2022-04-04 13:18:02.149843: [-9.442731347656249, -0.5961562133789062, -2.712630480957031, -2.1374045801526718, -3.5572519083969465, -0.10687022900763359]
2022-04-04 13:18:02.190130: [-9.469067565917967, -0.6679822631835937, -2.7054478759765623, -1.9694656488549618, -3.5572519083969465, 1.9389312977099236]
2022-04-04 13:18:02.230379: [-9.370905297851563, -0.6416460449218749, -2.89219560546875, -2.0, -3.572519083969466, -1.916030534351145]
2022-04-04 13:18:02.270618: [-9.449913952636718, -0.6272808349609375, -2.6431986328124997, -3.8931297709923665, -3.801526717557252, 1.9236641221374047]
2022-04-04 13:18:02.310878: [-9.418789331054686, -0.6512228515624999, -2.616862414550781, -2.122137404580153, -3.6564885496183206, 0.07633587786259542]
2022-04-04 13:18:02.351131: [-9.4618849609375, -0.689530078125, -2.7533319091796873, -2.1068702290076335, -3.5572519083969465, -0.08396946564885496]
2022-04-04 13:18:02.391284: [-9.418789331054686, -0.6560112548828124, -2.7150246826171873, -2.0839694656488548, -3.633587786259542, 1.9083969465648856]
2022-04-04 13:18:02.431430: [-9.406818322753905, -0.6751648681640625, -2.731784094238281, -1.9770992366412214, -3.5572519083969465, 1.9465648854961832]
2022-04-04 13:18:02.471546: [-9.476250170898437, -0.6584054565429687, -2.683900061035156, -1.8931297709923665, -3.6259541984732824, 0.0]
2022-04-04 13:18:02.511730: [-9.49300958251953, -0.699106884765625, -2.6503812377929687, -2.114503816793893, -3.5801526717557253, -0.1297709923664122]
2022-04-04 13:18:02.552208: [-9.476250170898437, -0.699106884765625, -2.85388837890625, -1.984732824427481, -3.7022900763358777, 0.11450381679389313]
2022-04-04 13:18:02.592415: [-9.5001921875, -0.7565677246093749, -2.7198130859375, -1.816793893129771, -3.564885496183206, -0.022900763358778626]
2022-04-04 13:18:02.632539: [-9.447519750976562, -0.5291185668945312, -2.70065947265625, -2.236641221374046, -3.5267175572519083, -0.07633587786259542]
2022-04-04 13:18:02.672668: [-9.390058911132812, -0.6871358764648438, -2.731784094238281, -1.9923664122137406, -3.49618320610687, 0.21374045801526717]
2022-04-04 13:18:02.712828: [-9.591171850585937, -0.6488286499023437, -2.5163059448242184, -2.030534351145038, -3.6946564885496183, 0.07633587786259542]
2022-04-04 13:18:02.752944: [-9.540893615722656, -0.6703764648437499, -2.882618798828125, -1.9618320610687023, -3.5877862595419847, 0.08396946564885496]
2022-04-04 13:18:02.793076: [-9.363722692871093, -0.6655880615234374, -2.693476867675781, -1.9465648854961832, -3.633587786259542, -0.06870229007633588]
2022-04-04 13:18:02.833179: [-9.421183532714844, -0.6823474731445313, -2.6791116577148437, -1.984732824427481, -3.5419847328244276, 0.09923664122137404]
2022-04-04 13:18:02.873272: [-9.45470235595703, -0.6512228515624999, -2.6719290527343746, -1.9465648854961832, -3.648854961832061, 0.03816793893129771]
2022-04-04 13:18:02.913366: [-9.442731347656249, -0.6631938598632812, -2.6958710693359373, -2.068702290076336, -3.7099236641221376, 0.0]
2022-04-04 13:18:02.953460: [-9.514557397460937, -0.699106884765625, -2.70065947265625, -1.9618320610687023, -3.6564885496183206, 0.1297709923664122]
2022-04-04 13:18:02.993627: [-9.624690673828125, -0.6488286499023437, -2.6216508178710938, -2.0229007633587788, -3.6564885496183206, -0.007633587786259542]
2022-04-04 13:18:03.033733: [-9.442731347656249, -0.46208092041015625, -2.8131869506835936, -2.099236641221374, -3.83206106870229, 0.12213740458015267]
2022-04-04 13:18:03.073827: [-9.457096557617186, -0.6751648681640625, -2.7916391357421872, -0.03816793893129771, -3.5572519083969465, 0.04580152671755725]
2022-04-04 13:18:03.113985: [-9.380482104492186, -0.6607996582031249, -2.73896669921875, -2.145038167938931, -3.5877862595419847, 0.007633587786259542]
2022-04-04 13:18:03.154073: [-9.490615380859374, -0.6847416748046875, -2.710236279296875, -2.2290076335877864, -3.549618320610687, 0.0916030534351145]
2022-04-04 13:18:03.194223: [-9.404424121093749, -0.7206546997070312, -2.906560815429687, -2.122137404580153, -3.5114503816793894, -0.07633587786259542]
2022-04-04 13:18:03.234332: [-9.447519750976562, -0.7158662963867187, -2.731784094238281, -2.030534351145038, -3.732824427480916, 0.030534351145038167]
2022-04-04 13:18:03.274469: [-9.354145886230468, -0.6775590698242188, -2.7748797241210936, -3.9083969465648853, -3.5877862595419847, -0.07633587786259542]
2022-04-04 13:18:03.314668: [-9.459490759277344, -0.6560112548828124, -2.7078420776367187, -3.885496183206107, -3.6030534351145036, 0.0916030534351145]
2022-04-04 13:18:03.354755: [-9.490615380859374, -0.6368576416015624, -2.6216508178710938, -2.099236641221374, -3.6946564885496183, -0.183206106870229]
2022-04-04 13:18:03.394871: [-9.521740002441407, -0.5267243652343749, -2.712630480957031, -1.9923664122137406, -3.595419847328244, -0.06870229007633588]
2022-04-04 13:18:03.434897: [-9.457096557617186, -0.6344634399414062, -2.6862942626953124, -1.9389312977099236, -3.5114503816793894, 0.0]
2022-04-04 13:18:03.475008: [-9.483432775878907, -0.6727706665039062, -2.6767174560546874, -3.8702290076335877, -3.595419847328244, -1.9236641221374047]
2022-04-04 13:18:03.515220: [-9.469067565917967, -0.6607996582031249, -2.7557261108398436, -0.022900763358778626, -3.5419847328244276, 0.05343511450381679]
2022-04-04 13:18:03.555315: [-9.504980590820312, -0.6296750366210937, -2.7365724975585937, -1.9770992366412214, -3.5267175572519083, 1.900763358778626]
2022-04-04 13:18:03.595418: [-9.483432775878907, -0.6584054565429687, -2.612074011230469, -2.0229007633587788, -3.618320610687023, 1.9312977099236641]
2022-04-04 13:18:03.635539: [-9.488221179199218, -0.6607996582031249, -2.9089550170898435, -2.015267175572519, -3.595419847328244, 1.8473282442748091]
2022-04-04 13:18:03.675652: [-9.414000927734374, -0.6272808349609375, -2.6958710693359373, -1.9541984732824427, -3.6793893129770994, -1.9389312977099236]
2022-04-04 13:18:03.715817: [-9.5001921875, -0.679953271484375, -2.7437551025390623, -2.0916030534351147, -3.5343511450381677, -0.05343511450381679]
2022-04-04 13:18:03.755986: [-9.512163195800781, -0.6823474731445313, -2.664746447753906, -2.267175572519084, -3.6106870229007635, -0.06870229007633588]
2022-04-04 13:18:03.796130: [-9.45470235595703, -0.6679822631835937, -2.767697119140625, -2.0381679389312977, -3.8091603053435112, -1.8244274809160306]
2022-04-04 13:18:03.836295: [-9.519345800781249, -0.63206923828125, -2.7365724975585937, -2.1526717557251906, -3.4656488549618323, 0.0]
2022-04-04 13:18:03.876399: [-9.45470235595703, -0.6560112548828124, -2.703053674316406, -2.0381679389312977, -3.786259541984733, 0.03816793893129771]
2022-04-04 13:18:03.916549: [-9.4618849609375, -0.6847416748046875, -2.50912333984375, -2.0610687022900764, -3.6106870229007635, 1.9389312977099236]
2022-04-04 13:18:03.956694: [-9.469067565917967, -0.6607996582031249, -2.683900061035156, -2.0381679389312977, -3.564885496183206, -0.061068702290076333]
2022-04-04 13:18:03.996834: [-9.437942944335937, -0.7254431030273437, -2.6623522460937497, -1.9389312977099236, -3.5877862595419847, -0.015267175572519083]
2022-04-04 13:18:04.036959: [-9.452308154296874, -0.7038952880859375, -2.6527754394531247, -2.1603053435114505, -3.6106870229007635, -0.13740458015267176]
2022-04-04 13:18:04.077122: [-9.583989245605467, -0.699106884765625, -2.636016027832031, -2.0229007633587788, -3.4732824427480917, -1.8778625954198473]
2022-04-04 13:18:04.117282: [-9.512163195800781, -0.6607996582031249, -2.6815058593749996, -1.9770992366412214, -3.6793893129770994, 0.061068702290076333]
2022-04-04 13:18:04.157522: [-9.356540087890625, -0.59376201171875, -2.748543505859375, -2.0916030534351147, -3.595419847328244, -0.022900763358778626]
2022-04-04 13:18:04.197671: [-9.536105212402344, -0.6655880615234374, -2.6312276245117188, -2.099236641221374, -3.786259541984733, -0.13740458015267176]
2022-04-04 13:18:04.237892: [-9.5001921875, -0.6751648681640625, -2.616862414550781, -1.9923664122137406, -3.4427480916030535, -0.1297709923664122]
2022-04-04 13:18:04.278007: [-9.612719665527344, -0.6871358764648438, -2.6982652709960937, -1.9694656488549618, -3.5114503816793894, 0.1450381679389313]
2022-04-04 13:18:04.318162: [-9.435548742675781, -0.6440402465820312, -2.4756045166015626, -2.015267175572519, -3.6030534351145036, -0.21374045801526717]
2022-04-04 13:18:04.358332: [-9.516951599121093, -0.6416460449218749, -2.89219560546875, -2.1755725190839694, -3.6030534351145036, -0.12213740458015267]
2022-04-04 13:18:04.398476: [-9.275137231445312, -0.6560112548828124, -2.616862414550781, -1.8702290076335877, -3.519083969465649, -0.08396946564885496]
2022-04-04 13:18:04.438614: [-9.4618849609375, -0.6775590698242188, -2.636016027832031, -2.0839694656488548, -3.427480916030534, 1.9465648854961832]
2022-04-04 13:18:04.478815: [-9.437942944335937, -0.6751648681640625, -2.683900061035156, -1.916030534351145, -3.50381679389313, 0.007633587786259542]
2022-04-04 13:18:04.519031: [-9.45470235595703, -0.679953271484375, -2.7054478759765623, -0.09923664122137404, -3.7251908396946565, -0.015267175572519083]
2022-04-04 13:18:04.559213: [-9.409212524414063, -0.6775590698242188, -2.806004345703125, -2.045801526717557, -3.5877862595419847, -1.8549618320610688]
2022-04-04 13:18:04.599363: [-9.368511096191405, -0.6177040283203125, -2.645592834472656, -0.05343511450381679, -3.572519083969466, -0.03816793893129771]
2022-04-04 13:18:04.639571: [-9.507374792480467, -0.6655880615234374, -2.7581203125, -2.1297709923664123, -3.5877862595419847, -0.13740458015267176]
2022-04-04 13:18:04.679756: [-9.5001921875, -0.6248866333007812, -2.645592834472656, -2.0076335877862594, -3.4656488549618323, -0.1297709923664122]
2022-04-04 13:18:04.719981: [-9.485826977539062, -0.6248866333007812, -2.806004345703125, -2.0, -3.5419847328244276, 0.06870229007633588]
2022-04-04 13:18:04.760464: [-9.469067565917967, -0.6631938598632812, -2.7078420776367187, -1.900763358778626, -3.717557251908397, 0.07633587786259542]
2022-04-04 13:18:04.800614: [-9.452308154296874, -0.6655880615234374, -2.645592834472656, -2.0229007633587788, -3.49618320610687, 1.9465648854961832]
2022-04-04 13:18:04.840803: [-9.49300958251953, -0.7110778930664062, -2.683900061035156, -2.0, -3.519083969465649, -1.8702290076335877]
2022-04-04 13:18:04.880932: [-9.366116894531249, -0.51714755859375, -2.750937707519531, -1.9923664122137406, -3.564885496183206, -1.9312977099236641]
2022-04-04 13:18:04.921129: [-9.600748657226562, -0.7062894897460937, -2.6623522460937497, -2.0610687022900764, -3.6030534351145036, 0.13740458015267176]
2022-04-04 13:18:04.961202: [-9.45470235595703, -0.689530078125, -2.664746447753906, -2.2442748091603053, -3.564885496183206, -1.9389312977099236]
2022-04-04 13:18:05.001327: [-9.476250170898437, -0.6536170532226562, -2.731784094238281, -1.984732824427481, -3.572519083969466, 0.0916030534351145]
2022-04-04 13:18:05.041500: [-9.447519750976562, -0.6631938598632812, -2.693476867675781, -1.7251908396946565, -3.3969465648854964, -0.12213740458015267]
2022-04-04 13:18:05.081626: [-9.425971936035156, -0.6440402465820312, -2.6503812377929687, -1.6641221374045803, -3.2977099236641223, 0.08396946564885496]
2022-04-04 13:18:05.121796: [-9.442731347656249, -0.6631938598632812, -2.8227637573242186, -1.618320610687023, -3.4732824427480917, 0.05343511450381679]
2022-04-04 13:18:05.161899: [-9.368511096191405, -0.6823474731445313, -3.1866824096679687, 0.8015267175572519, -3.450381679389313, 0.5190839694656488]
2022-04-04 13:18:05.202014: [-9.447519750976562, -0.7517793212890624, -2.9640216552734375, 2.8244274809160306, -3.3587786259541983, 0.7709923664122137]
2022-04-04 13:18:05.242139: [-9.390058911132812, -0.6248866333007812, -3.095702746582031, 4.259541984732825, -3.33587786259542, 0.9236641221374046]
2022-04-04 13:18:05.282234: [-9.430760339355468, -0.737414111328125, -3.3255461059570313, 7.267175572519084, -2.8625954198473282, 1.450381679389313]
2022-04-04 13:18:05.322386: [-9.370905297851563, -0.7900865478515624, -3.9815573608398434, 11.961832061068701, -2.9160305343511452, 1.9389312977099236]
2022-04-04 13:18:05.362466: [-9.255983618164063, -0.8020575561523438, -4.2137949218749995, 18.65648854961832, -2.2900763358778624, 2.9389312977099236]
2022-04-04 13:18:05.402544: [-9.299079248046874, -0.7445967163085937, -4.153939880371094, 26.65648854961832, -1.8091603053435115, 3.9923664122137406]
2022-04-04 13:18:05.442677: [-9.26316622314453, -0.6847416748046875, -4.359841223144531, 34.7557251908397, -1.282442748091603, 5.038167938931298]
2022-04-04 13:18:05.482758: [-9.318232861328125, -0.5889736083984375, -4.146757275390625, 42.55725190839695, -0.6564885496183206, 6.015267175572519]
2022-04-04 13:18:05.522923: [-9.323021264648437, -0.4070142822265625, -3.9600095458984375, 46.97709923664122, -0.45038167938931295, 6.824427480916031]
2022-04-04 13:18:05.563037: [-9.382876306152344, -0.30406361083984373, -3.478775012207031, 53.49618320610687, -0.19083969465648856, 7.282442748091603]
2022-04-04 13:18:05.603244: [-9.205705383300781, -0.3399766357421875, -3.758896606445312, 54.74809160305343, 0.24427480916030533, 9.732824427480915]
2022-04-04 13:18:05.643454: [-9.200916979980468, -0.22026655273437498, -3.756502404785156, 61.43511450381679, 0.35877862595419846, 8.526717557251908]
2022-04-04 13:18:05.683593: [-9.299079248046874, -0.27293898925781246, -4.048595007324218, 68.35114503816794, 0.9236641221374046, 9.435114503816793]
2022-04-04 13:18:05.723874: [-9.270348828125, 0.1388636962890625, -4.7884033203125, 76.95419847328245, 1.2366412213740459, 10.549618320610687]
2022-04-04 13:18:05.763990: [-9.241618408203124, 0.15562310791015624, -4.185064501953125, 85.17557251908397, 1.5877862595419847, 11.526717557251908]
2022-04-04 13:18:05.804107: [-9.356540087890625, 0.3495534423828125, -3.706224169921875, 91.23664122137404, 2.2442748091603053, 12.297709923664122]
2022-04-04 13:18:05.844259: [-9.303867651367186, 0.5698199951171875, -3.7158009765625, 95.25190839694656, 2.6412213740458017, 12.801526717557252]
2022-04-04 13:18:05.884375: [-9.375693701171874, 0.59376201171875, -3.84987626953125, 100.22137404580153, 2.687022900763359, 13.381679389312977]
2022-04-04 13:18:05.924598: [-9.457096557617186, 0.8164227661132812, -3.095702746582031, 103.09160305343511, 3.068702290076336, 13.587786259541986]
2022-04-04 13:18:05.964649: [-9.414000927734374, 1.0007762939453124, -2.916137622070312, 103.25190839694656, 2.816793893129771, 13.618320610687023]
2022-04-04 13:18:06.004760: [-9.593566052246093, 0.8451531860351562, -3.3159692993164063, 104.82442748091603, 3.1755725190839694, 13.977099236641221]
2022-04-04 13:18:06.044918: [-9.380482104492186, 0.9624690673828125, -3.4452561889648434, 107.53435114503817, 3.2748091603053435, 14.389312977099237]
2022-04-04 13:18:06.084994: [-9.449913952636718, 0.7876923461914062, -3.4069489624023435, 109.99236641221374, 3.49618320610687, 14.641221374045802]
2022-04-04 13:18:06.125107: [-9.533711010742186, 1.0199299072265624, -3.153163586425781, 111.99236641221374, 3.213740458015267, 14.709923664122137]
2022-04-04 13:18:06.165228: [-9.610325463867188, 1.1540052001953125, -2.5139117431640625, 111.1145038167939, 3.312977099236641, 14.389312977099237]
2022-04-04 13:18:06.205305: [-9.624690673828125, 1.2785036865234374, -1.2521674682617188, 104.8473282442748, 3.068702290076336, 13.458015267175572]
2022-04-04 13:18:06.245432: [-9.682151513671874, 0.9983820922851562, -1.4053963745117186, 99.51908396946565, 2.16793893129771, 12.65648854961832]
2022-04-04 13:18:06.285511: [-9.756371765136718, 0.7422025146484375, -1.1540052001953125, 89.77099236641222, 1.8778625954198473, 11.625954198473282]
2022-04-04 13:18:06.325616: [-9.765948571777344, 0.5243301635742187, -1.2904746948242187, 81.48091603053435, 1.4427480916030535, 10.335877862595419]
2022-04-04 13:18:06.365708: [-9.725247143554688, 0.45010991210937495, -1.3215993164062498, 73.67175572519083, 1.2061068702290076, 9.572519083969466]
2022-04-04 13:18:06.405861: [-9.672574707031249, 0.105344873046875, -1.7166425903320313, 68.2824427480916, 0.7022900763358778, 8.816793893129772]
2022-04-04 13:18:06.446013: [-9.636661682128906, 0.14604630126953125, -1.5873557006835937, 62.87786259541985, 0.6564885496183206, 8.145038167938932]
2022-04-04 13:18:06.486150: [-9.79946739501953, 0.1388636962890625, -1.199495031738281, 55.900763358778626, -0.33587786259541985, 7.1603053435114505]
2022-04-04 13:18:06.526393: [-9.758765966796874, -0.055066638183593745, -0.9169792358398436, 46.62595419847328, -0.48854961832061067, 5.938931297709924]
2022-04-04 13:18:06.566535: [-9.643844287109374, -0.15322890625, -0.4429273071289062, 36.19847328244275, -1.6870229007633588, 4.267175572519084]
2022-04-04 13:18:06.606721: [-9.698910925292969, -0.3902548706054687, -0.469263525390625, 25.480916030534353, -2.030534351145038, 3.3587786259541983]
2022-04-04 13:18:06.646927: [-9.840168823242188, -0.3950432739257812, -0.27293898925781246, 14.007633587786259, -2.6946564885496183, 1.8015267175572518]
2022-04-04 13:18:06.687079: [-9.830592016601562, -0.39983167724609375, -0.36391865234375, 2.4427480916030535, -3.5572519083969465, 0.1297709923664122]
2022-04-04 13:18:06.727289: [-9.775525378417969, -0.9002198242187499, -0.8451531860351562, -7.801526717557252, -3.946564885496183, -1.4198473282442747]
2022-04-04 13:18:06.767603: [-9.203311181640624, -0.9983820922851562, -0.9409212524414062, -16.03053435114504, -5.5038167938931295, -1.8015267175572518]
2022-04-04 13:18:06.807772: [-9.636661682128906, -0.40940848388671874, -2.4133552734375, -17.396946564885496, -4.877862595419847, -2.122137404580153]
2022-04-04 13:18:06.848013: [-10.041281762695311, -0.22026655273437498, -2.4588451049804685, -20.709923664122137, -4.0, -2.66412213740458]
2022-04-04 13:18:06.888273: [-9.241618408203124, -0.5219359619140624, -2.5234885498046875, -23.450381679389313, -4.419847328244275, -2.8931297709923665]
2022-04-04 13:18:06.928418: [-9.392453112792968, -0.5434837768554687, -2.310404602050781, -23.47328244274809, -5.0, -3.1908396946564888]
2022-04-04 13:18:06.968420: [-9.476250170898437, -0.55545478515625, -2.7629087158203123, -25.885496183206108, -5.122137404580153, -3.1297709923664123]
2022-04-04 13:18:07.008909: [-9.56962403564453, -0.5123591552734374, -2.6216508178710938, -25.480916030534353, -4.969465648854962, -3.099236641221374]
2022-04-04 13:18:07.049548: [-9.488221179199218, -0.6248866333007812, -2.9640216552734375, -24.48854961832061, -4.923664122137405, -2.8473282442748094]
2022-04-04 13:18:07.090082: [-9.260772021484375, -0.6943184814453125, -3.2345664428710936, -21.35114503816794, -5.122137404580153, -2.4122137404580153]
2022-04-04 13:18:07.130312: [-9.557653027343749, -0.7661445312499999, -3.208230224609375, -18.84732824427481, -4.732824427480916, -2.183206106870229]
2022-04-04 13:18:07.170496: [-9.409212524414063, -0.7134720947265625, -3.066972326660156, -16.580152671755727, -4.473282442748092, -1.8549618320610688]
2022-04-04 13:18:07.210940: [-9.227253198242186, -0.5865794067382812, -3.0597897216796874, -14.740458015267176, -4.419847328244275, -1.5267175572519085]
2022-04-04 13:18:07.251166: [-9.4618849609375, -0.718260498046875, -3.134009973144531, -12.648854961832061, -4.091603053435114, -1.3740458015267176]
2022-04-04 13:18:07.291571: [-9.411606726074218, -0.7757213378906249, -3.337517114257812, -10.16793893129771, -4.129770992366412, -0.9847328244274809]
2022-04-04 13:18:07.332380: [-9.387664709472656, -0.8906430175781249, -3.0909143432617188, -7.5038167938931295, -4.030534351145038, -0.5648854961832062]
2022-04-04 13:18:07.372487: [-9.406818322753905, -0.7589619262695312, -3.0358477050781247, -5.183206106870229, -3.7404580152671754, -0.33587786259541985]
2022-04-04 13:18:07.413361: [-9.466673364257812, -0.699106884765625, -2.93050283203125, -3.6564885496183206, -3.5267175572519083, -0.2900763358778626]
2022-04-04 13:18:07.453548: [-9.34696328125, -0.7302315063476562, -3.0621839233398433, -2.2519083969465647, -3.549618320610687, 0.05343511450381679]
2022-04-04 13:18:07.494345: [-9.361328491210937, -0.7541735229492187, -2.798821740722656, -0.9694656488549618, -3.5572519083969465, 0.21374045801526717]
2022-04-04 13:18:07.534652: [-9.349357482910156, -0.718260498046875, -2.916137622070312, 0.1450381679389313, -3.3282442748091605, 0.2824427480916031]
2022-04-04 13:18:07.574821: [-9.483432775878907, -0.6536170532226562, -2.8012159423828122, 0.7786259541984732, -3.4732824427480917, 0.3969465648854962]
2022-04-04 13:18:07.614845: [-9.437942944335937, -0.6775590698242188, -2.748543505859375, 1.1374045801526718, -3.351145038167939, 0.44274809160305345]
2022-04-04 13:18:07.654977: [-9.437942944335937, -0.6536170532226562, -2.6623522460937497, 1.2595419847328244, -3.4122137404580153, 0.29770992366412213]
2022-04-04 13:18:07.695113: [-9.4618849609375, -0.6368576416015624, -2.511517541503906, 0.916030534351145, -3.4122137404580153, 0.3511450381679389]
2022-04-04 13:18:07.735258: [-9.449913952636718, -0.6943184814453125, -2.5713725830078125, 0.16793893129770993, -3.5419847328244276, 0.33587786259541985]
2022-04-04 13:18:07.775380: [-9.509768994140625, -0.6655880615234374, -2.4660277099609376, -0.6641221374045801, -3.5343511450381677, 0.16030534351145037]
2022-04-04 13:18:07.815531: [-9.354145886230468, -0.6871358764648438, -2.427720483398437, -1.633587786259542, -3.687022900763359, -0.08396946564885496]
2022-04-04 13:18:07.855591: [-9.643844287109374, -0.6631938598632812, -2.518700146484375, -2.6106870229007635, -3.633587786259542, -0.12213740458015267]
2022-04-04 13:18:07.895605: [-9.497797985839844, -0.6536170532226562, -2.6001030029296874, -3.2442748091603053, -3.6564885496183206, -0.12213740458015267]
2022-04-04 13:18:07.935663: [-9.5001921875, -0.699106884765625, -2.636016027832031, -3.5877862595419847, -3.763358778625954, -0.21374045801526717]
2022-04-04 13:18:07.975641: [-9.49300958251953, -0.6655880615234374, -2.6599580444335937, -3.6030534351145036, -3.786259541984733, -0.29770992366412213]
2022-04-04 13:18:08.015628: [-9.497797985839844, -0.6655880615234374, -2.559401574707031, -3.6259541984732824, -3.6564885496183206, -0.20610687022900764]
2022-04-04 13:18:08.055808: [-9.351751684570312, -0.6847416748046875, -2.8754361938476563, -3.4656488549618323, -3.5114503816793894, -0.13740458015267176]
2022-04-04 13:18:08.095817: [-9.464279162597656, -0.7350199096679687, -2.6575638427734374, -3.213740458015267, -3.633587786259542, -0.1297709923664122]
2022-04-04 13:18:08.136009: [-9.49300958251953, -0.7062894897460937, -2.693476867675781, -2.8625954198473282, -3.572519083969466, -0.06870229007633588]
2022-04-04 13:18:08.176137: [-9.485826977539062, -0.6536170532226562, -2.7150246826171873, -2.50381679389313, -3.6412213740458017, -0.12213740458015267]
2022-04-04 13:18:08.216137: [-9.605537060546874, -0.6679822631835937, -2.7533319091796873, -2.0839694656488548, -3.595419847328244, 1.900763358778626]
2022-04-04 13:18:08.256203: [-9.60793126220703, -0.7302315063476562, -2.7557261108398436, -1.7938931297709924, -3.5877862595419847, 0.2366412213740458]
2022-04-04 13:18:08.296206: [-9.4618849609375, -0.6416460449218749, -2.7150246826171873, -1.618320610687023, -3.5801526717557253, 1.9236641221374047]
2022-04-04 13:18:08.336259: [-9.41639512939453, -0.6823474731445313, -2.6791116577148437, -1.5267175572519085, -3.549618320610687, 0.1450381679389313]
2022-04-04 13:18:08.376246: [-9.464279162597656, -0.6775590698242188, -2.6503812377929687, -1.5419847328244274, -3.5877862595419847, 0.11450381679389313]
2022-04-04 13:18:08.416237: [-9.464279162597656, -0.6727706665039062, -2.568978381347656, -1.702290076335878, -3.732824427480916, 0.11450381679389313]
2022-04-04 13:18:08.456246: [-9.483432775878907, -0.7230489013671875, -2.6599580444335937, -0.05343511450381679, -3.549618320610687, -0.04580152671755725]
2022-04-04 13:18:08.496232: [-9.471461767578125, -0.6416460449218749, -2.693476867675781, -2.1526717557251906, -3.564885496183206, -0.08396946564885496]
2022-04-04 13:18:08.536252: [-9.495403784179686, -0.6967126831054687, -2.748543505859375, -2.3740458015267176, -3.549618320610687, 0.06870229007633588]
2022-04-04 13:18:08.576244: [-9.476250170898437, -0.6177040283203125, -2.559401574707031, -2.312977099236641, -3.7786259541984735, 0.1297709923664122]
2022-04-04 13:18:08.616451: [-9.464279162597656, -0.6631938598632812, -2.6192566162109374, -2.2977099236641223, -3.7022900763358777, 0.12213740458015267]
2022-04-04 13:18:08.657804: [-9.49300958251953, -0.6655880615234374, -2.6599580444335937, -2.0, -3.6106870229007635, -0.015267175572519083]
2022-04-04 13:18:08.697912: [-9.641450085449218, -0.6919242797851562, -2.6862942626953124, -1.9618320610687023, -3.648854961832061, -0.061068702290076333]
2022-04-04 13:18:08.738049: [-9.471461767578125, -0.6392518432617187, -2.482787121582031, -1.8015267175572518, -3.4580152671755724, -1.9083969465648856]
2022-04-04 13:18:08.778141: [-9.478644372558593, -0.679953271484375, -2.6503812377929687, -1.8091603053435115, -3.6717557251908395, 0.1984732824427481]
2022-04-04 13:18:08.818220: [-9.418789331054686, -0.70868369140625, -2.7246014892578123, -1.7786259541984732, -3.7404580152671754, 0.03816793893129771]
2022-04-04 13:18:08.858377: [-9.375693701171874, -0.6751648681640625, -2.5617957763671875, -1.9236641221374047, -3.6717557251908395, 1.8778625954198473]
2022-04-04 13:18:08.898484: [-9.440337145996093, -0.6560112548828124, -2.4660277099609376, -2.2290076335877864, -3.6946564885496183, 1.916030534351145]
2022-04-04 13:18:08.938650: [-9.457096557617186, -0.6655880615234374, -2.636016027832031, -2.3053435114503817, -3.5343511450381677, -0.1297709923664122]
2022-04-04 13:18:08.979459: [-9.471461767578125, -0.6871358764648438, -2.6623522460937497, -2.1603053435114505, -3.5877862595419847, -0.03816793893129771]
2022-04-04 13:18:09.022113: [-9.485826977539062, -0.6679822631835937, -2.6575638427734374, -2.114503816793893, -3.6030534351145036, 0.030534351145038167]
2022-04-04 13:18:09.062256: [-9.464279162597656, -0.6919242797851562, -2.6719290527343746, -2.1068702290076335, -3.519083969465649, -0.022900763358778626]
2022-04-04 13:18:09.102307: [-9.488221179199218, -0.7350199096679687, -2.70065947265625, -3.8396946564885495, -3.648854961832061, -0.03816793893129771]
2022-04-04 13:18:09.142663: [-9.478644372558593, -0.7134720947265625, -2.741360900878906, -1.8702290076335877, -3.7022900763358777, 0.10687022900763359]
2022-04-04 13:18:09.183149: [-9.459490759277344, -0.6584054565429687, -2.480392919921875, -1.8549618320610688, -3.6259541984732824, -0.19083969465648856]
2022-04-04 13:18:09.223132: [-9.509768994140625, -0.689530078125, -2.7150246826171873, -1.9389312977099236, -3.648854961832061, -1.916030534351145]
2022-04-04 13:18:09.263346: [-9.414000927734374, -0.6584054565429687, -2.592920397949219, -2.0381679389312977, -3.5419847328244276, -1.9465648854961832]
2022-04-04 13:18:09.303517: [-9.466673364257812, -0.6943184814453125, -2.4588451049804685, -2.2519083969465647, -3.6259541984732824, -0.10687022900763359]
2022-04-04 13:18:09.343658: [-9.497797985839844, -0.7110778930664062, -2.741360900878906, -2.114503816793893, -3.564885496183206, -0.06870229007633588]
2022-04-04 13:18:09.383804: [-9.457096557617186, -0.49799394531249996, -2.5761609863281247, -0.022900763358778626, -3.549618320610687, -0.12213740458015267]
2022-04-04 13:18:09.423974: [-9.428366137695312, -0.70868369140625, -2.7198130859375, -2.0916030534351147, -3.5343511450381677, 0.10687022900763359]
2022-04-04 13:18:09.464184: [-9.64623848876953, -0.7015010864257812, -2.7150246826171873, -1.83206106870229, -3.450381679389313, -0.06870229007633588]
2022-04-04 13:18:09.504346: [-9.473855969238281, -0.6775590698242188, -2.6001030029296874, -1.8396946564885497, -3.6793893129770994, 1.900763358778626]
2022-04-04 13:18:09.544444: [-9.370905297851563, -0.6847416748046875, -2.616862414550781, -2.045801526717557, -3.5801526717557253, -0.061068702290076333]
2022-04-04 13:18:09.584539: [-9.60793126220703, -0.70868369140625, -2.7437551025390623, -2.0229007633587788, -3.633587786259542, 0.07633587786259542]
2022-04-04 13:18:09.624667: [-9.478644372558593, -0.7661445312499999, -2.6527754394531247, -2.030534351145038, -3.5572519083969465, -0.04580152671755725]
2022-04-04 13:18:09.664757: [-9.466673364257812, -0.6703764648437499, -2.6815058593749996, -2.213740458015267, -3.687022900763359, -1.9083969465648856]
2022-04-04 13:18:09.704838: [-9.497797985839844, -0.6679822631835937, -2.6479870361328124, -2.0916030534351147, -3.7022900763358777, 0.022900763358778626]
2022-04-04 13:18:09.744973: [-9.512163195800781, -0.6488286499023437, -2.741360900878906, -2.0916030534351147, -3.717557251908397, 0.09923664122137404]
2022-04-04 13:18:09.785088: [-9.4618849609375, -0.7493851196289062, -2.583343591308594, -1.984732824427481, -3.50381679389313, 0.08396946564885496]
2022-04-04 13:18:09.825168: [-9.495403784179686, -0.6512228515624999, -2.626439221191406, -1.9923664122137406, -3.7022900763358777, 1.8702290076335877]
2022-04-04 13:18:09.865409: [-9.464279162597656, -0.6464344482421874, -2.6384102294921874, -2.045801526717557, -3.7557251908396947, 0.22900763358778625]
2022-04-04 13:18:09.905488: [-9.447519750976562, -0.6871358764648438, -2.6599580444335937, -0.03816793893129771, -3.5267175572519083, -1.9541984732824427]
2022-04-04 13:18:09.945639: [-9.45470235595703, -0.6488286499023437, -2.4684219116210935, -2.0229007633587788, -3.66412213740458, -1.9389312977099236]
2022-04-04 13:18:09.985836: [-9.4618849609375, -0.6775590698242188, -2.530671154785156, -2.068702290076336, -3.427480916030534, 0.16793893129770993]
2022-04-04 13:18:10.025963: [-9.648632690429688, -0.6177040283203125, -2.4779987182617185, -2.045801526717557, -3.5572519083969465, 0.07633587786259542]
2022-04-04 13:18:10.066124: [-9.442731347656249, -0.7589619262695312, -2.7269956909179687, -2.1374045801526718, -3.5877862595419847, -0.16793893129770993]
2022-04-04 13:18:10.106289: [-9.509768994140625, -0.6751648681640625, -2.5665841796874997, -2.145038167938931, -3.8702290076335877, 1.8702290076335877]
2022-04-04 13:18:10.146481: [-9.483432775878907, -0.6584054565429687, -2.6312276245117188, -1.9541984732824427, -3.6412213740458017, 0.06870229007633588]
2022-04-04 13:18:10.186608: [-9.516951599121093, -0.603338818359375, -2.6982652709960937, -3.9083969465648853, -3.633587786259542, 0.25190839694656486]
2022-04-04 13:18:10.226811: [-9.445125549316407, -0.689530078125, -2.70065947265625, -1.984732824427481, -3.6030534351145036, 0.1450381679389313]
2022-04-04 13:18:10.266946: [-9.428366137695312, -0.689530078125, -2.712630480957031, -2.1068702290076335, -3.6030534351145036, -0.09923664122137404]
2022-04-04 13:18:10.307078: [-9.457096557617186, -0.6296750366210937, -2.4660277099609376, -2.0, -3.687022900763359, 0.15267175572519084]
2022-04-04 13:18:10.347258: [-9.447519750976562, -0.7110778930664062, -2.559401574707031, -2.0610687022900764, -3.6030534351145036, 0.08396946564885496]
2022-04-04 13:18:10.387552: [-9.619902270507811, -0.699106884765625, -2.6695348510742187, -2.015267175572519, -3.6259541984732824, -0.007633587786259542]
2022-04-04 13:18:10.427681: [-9.368511096191405, -0.6751648681640625, -2.741360900878906, -2.0839694656488548, -3.6259541984732824, 0.030534351145038167]
2022-04-04 13:18:10.467858: [-9.504980590820312, -0.6751648681640625, -2.674323254394531, -2.114503816793893, -3.5572519083969465, 0.15267175572519084]
2022-04-04 13:18:10.507943: [-9.370905297851563, -0.689530078125, -2.712630480957031, -2.0, -3.564885496183206, 0.1450381679389313]
2022-04-04 13:18:10.548096: [-9.433154541015625, -0.7038952880859375, -2.6312276245117188, -1.9694656488549618, -3.5877862595419847, 1.9312977099236641]
2022-04-04 13:18:10.588164: [-9.631873278808593, -0.603338818359375, -2.7461493041992187, -2.053435114503817, -3.6030534351145036, 0.10687022900763359]
2022-04-04 13:18:10.628223: [-9.519345800781249, -0.6679822631835937, -2.6791116577148437, -1.9694656488549618, -3.564885496183206, 1.8931297709923665]
2022-04-04 13:18:10.668330: [-9.425971936035156, -0.699106884765625, -2.6479870361328124, -2.1297709923664123, -3.648854961832061, -1.9541984732824427]
2022-04-04 13:18:10.708414: [-9.45470235595703, -0.6847416748046875, -2.6862942626953124, -2.1755725190839694, -3.427480916030534, 0.0]
2022-04-04 13:18:10.748516: [-9.418789331054686, -0.7158662963867187, -2.655169641113281, -2.145038167938931, -3.4580152671755724, -0.183206106870229]
2022-04-04 13:18:10.788587: [-9.521740002441407, -0.6823474731445313, -2.636016027832031, -2.1068702290076335, -3.6030534351145036, -0.1297709923664122]
2022-04-04 13:18:10.828639: [-9.466673364257812, -0.679953271484375, -2.731784094238281, -2.0763358778625953, -3.900763358778626, 1.9236641221374047]
2022-04-04 13:18:10.869420: [-9.361328491210937, -0.6512228515624999, -2.626439221191406, -1.8778625954198473, -3.6946564885496183, 0.11450381679389313]
2022-04-04 13:18:10.909621: [-9.483432775878907, -0.689530078125, -2.5953145996093747, -2.0763358778625953, -3.50381679389313, 0.015267175572519083]
2022-04-04 13:18:10.949953: [-9.497797985839844, -0.7158662963867187, -2.683900061035156, -2.0839694656488548, -3.618320610687023, 0.08396946564885496]
2022-04-04 13:18:10.990032: [-9.512163195800781, -0.6751648681640625, -2.70065947265625, -1.916030534351145, -3.519083969465649, 0.16793893129770993]
2022-04-04 13:18:11.029997: [-9.603142858886718, -0.6943184814453125, -2.7198130859375, -2.0839694656488548, -3.618320610687023, 0.015267175572519083]
2022-04-04 13:18:11.070165: [-9.466673364257812, -0.6584054565429687, -2.626439221191406, -1.916030534351145, -3.6793893129770994, 0.16030534351145037]
2022-04-04 13:18:11.110368: [-9.586383447265625, -0.6440402465820312, -2.6599580444335937, -1.8244274809160306, -3.6412213740458017, -0.061068702290076333]
2022-04-04 13:18:11.150390: [-9.502586389160156, -0.6584054565429687, -2.6288334228515624, -3.900763358778626, -3.5343511450381677, -0.022900763358778626]
2022-04-04 13:18:11.190504: [-9.433154541015625, -0.70868369140625, -2.6408044311523438, -2.282442748091603, -3.572519083969466, -1.916030534351145]
2022-04-04 13:18:11.230664: [-9.469067565917967, -0.6967126831054687, -2.693476867675781, -2.2213740458015265, -3.66412213740458, -0.1297709923664122]
2022-04-04 13:18:11.270737: [-9.471461767578125, -0.6919242797851562, -2.7341782958984373, -2.0, -3.5419847328244276, 0.1297709923664122]
2022-04-04 13:18:11.310858: [-9.514557397460937, -0.7015010864257812, -2.683900061035156, -1.7709923664122138, -3.6717557251908395, -0.06870229007633588]
2022-04-04 13:18:11.350996: [-9.641450085449218, -0.7110778930664062, -2.6479870361328124, -1.6488549618320612, -3.4656488549618323, -0.05343511450381679]
2022-04-04 13:18:11.391422: [-9.428366137695312, -0.6919242797851562, -2.6240450195312497, -1.6106870229007633, -3.5419847328244276, 0.03816793893129771]
2022-04-04 13:18:11.431885: [-9.447519750976562, -0.6703764648437499, -2.710236279296875, -1.7633587786259541, -3.6564885496183206, 0.25190839694656486]
2022-04-04 13:18:11.472184: [-9.375693701171874, -0.6655880615234374, -2.501940734863281, -1.8854961832061068, -3.816793893129771, -0.007633587786259542]
2022-04-04 13:18:11.512463: [-9.406818322753905, -0.7015010864257812, -2.645592834472656, -2.1068702290076335, -3.6412213740458017, 0.17557251908396945]
2022-04-04 13:18:11.552614: [-9.464279162597656, -0.70868369140625, -2.6408044311523438, -2.213740458015267, -3.6259541984732824, -0.08396946564885496]
2022-04-04 13:18:11.592758: [-9.45470235595703, -0.6823474731445313, -2.578555187988281, -2.1908396946564888, -3.50381679389313, 0.10687022900763359]
2022-04-04 13:18:11.633040: [-9.435548742675781, -0.679953271484375, -2.7198130859375, -2.16793893129771, -3.648854961832061, -0.24427480916030533]
2022-04-04 13:18:11.673362: [-9.65342109375, -0.6560112548828124, -2.817975354003906, -1.9618320610687023, -3.5801526717557253, 0.08396946564885496]
2022-04-04 13:18:11.713664: [-9.478644372558593, -0.6560112548828124, -2.518700146484375, -3.7938931297709924, -3.5343511450381677, 0.06870229007633588]
2022-04-04 13:18:11.752380: [-9.552864624023437, -0.7015010864257812, -2.47081611328125, -1.8625954198473282, -3.7251908396946565, 0.1297709923664122]
2022-04-04 13:18:11.789778: [-9.490615380859374, -0.6775590698242188, -2.6599580444335937, -0.007633587786259542, -3.5343511450381677, 0.10687022900763359]
2022-04-04 13:18:11.827155: [-9.469067565917967, -0.6727706665039062, -2.4660277099609376, -2.0381679389312977, -3.6259541984732824, 0.22137404580152673]
2022-04-04 13:18:11.864640: [-9.435548742675781, -0.6919242797851562, -2.7054478759765623, -1.9770992366412214, -3.6259541984732824, 0.10687022900763359]
2022-04-04 13:18:11.902032: [-9.469067565917967, -0.718260498046875, -2.6240450195312497, -2.099236641221374, -3.5801526717557253, -0.06870229007633588]
2022-04-04 13:18:11.939429: [-9.452308154296874, -0.6847416748046875, -2.683900061035156, -0.007633587786259542, -3.633587786259542, 0.1984732824427481]
2022-04-04 13:18:11.976810: [-9.457096557617186, -0.6679822631835937, -2.6958710693359373, -1.9083969465648856, -3.595419847328244, 0.10687022900763359]
2022-04-04 13:18:12.014223: [-9.445125549316407, -0.6943184814453125, -2.7246014892578123, -1.786259541984733, -3.5572519083969465, 0.06870229007633588]
2022-04-04 13:18:12.051689: [-9.49300958251953, -0.70868369140625, -2.693476867675781, -1.6106870229007633, -3.595419847328244, 0.1984732824427481]
2022-04-04 13:18:12.088966: [-9.447519750976562, -0.6727706665039062, -2.779668127441406, -1.366412213740458, -3.4427480916030535, 1.9389312977099236]
2022-04-04 13:18:12.126349: [-9.543287817382812, -0.6847416748046875, -2.750937707519531, -1.16793893129771, -3.381679389312977, 0.061068702290076333]
2022-04-04 13:18:12.163842: [-9.435548742675781, -0.6919242797851562, -2.6910826660156246, -1.0229007633587786, -3.618320610687023, 0.12213740458015267]
2022-04-04 13:18:12.201282: [-9.509768994140625, -0.6967126831054687, -2.4684219116210935, -1.2061068702290076, -3.5343511450381677, -1.8778625954198473]
2022-04-04 13:18:12.238682: [-9.452308154296874, -0.6272808349609375, -2.5665841796874997, -1.3435114503816794, -3.6717557251908395, -0.022900763358778626]
2022-04-04 13:18:12.276089: [-9.598354455566406, -0.7015010864257812, -2.750937707519531, -1.6717557251908397, -3.4656488549618323, -1.9083969465648856]
2022-04-04 13:18:12.313550: [-9.411606726074218, -0.699106884765625, -2.6479870361328124, -1.8778625954198473, -3.6412213740458017, 1.916030534351145]
2022-04-04 13:18:12.351033: [-9.481038574218749, -0.689530078125, -2.674323254394531, -1.786259541984733, -3.4122137404580153, -0.08396946564885496]
2022-04-04 13:18:12.388322: [-9.521740002441407, -0.679953271484375, -2.731784094238281, -3.8625954198473282, -3.564885496183206, -0.03816793893129771]
2022-04-04 13:18:12.425727: [-9.469067565917967, -0.6057330200195312, -2.5354595581054684, -2.213740458015267, -3.6793893129770994, -0.17557251908396945]
2022-04-04 13:18:12.463130: [-9.497797985839844, -0.6919242797851562, -2.308010400390625, -2.6412213740458017, -3.7099236641221376, -0.015267175572519083]
2022-04-04 13:18:12.500594: [-9.567229833984374, -0.5817910034179687, -1.9895815795898437, -4.740458015267175, -3.8091603053435112, -0.5114503816793893]
2022-04-04 13:18:12.538103: [-9.6151138671875, -0.46208092041015625, -1.2114660400390624, -7.870229007633588, -4.343511450381679, -1.4885496183206106]
2022-04-04 13:18:12.575472: [-9.751583361816406, -0.36631285400390623, -0.5530605834960938, -18.290076335877863, -4.732824427480916, -2.572519083969466]
2022-04-04 13:18:12.612935: [-9.74200655517578, -0.229843359375, -0.011971008300781249, -29.236641221374047, -5.580152671755725, -4.00763358778626]
2022-04-04 13:18:12.650259: [-9.801861596679688, -0.13407529296874998, -0.033518823242187495, -39.16793893129771, -6.068702290076335, -5.412213740458015]
2022-04-04 13:18:12.687683: [-9.809044201660155, -0.11013327636718749, -0.30406361083984373, -53.20610687022901, -7.083969465648855, -7.137404580152672]
2022-04-04 13:18:12.724976: [-9.81862100830078, 0.07900865478515624, -0.55545478515625, -63.93893129770992, -7.541984732824427, -8.305343511450381]
2022-04-04 13:18:12.762383: [-9.777919580078125, 0.296881005859375, -0.8690952026367187, -73.40458015267176, -8.0, -9.664122137404581]
2022-04-04 13:18:12.799791: [-9.809044201660155, 0.55545478515625, -0.8834604125976562, -83.42748091603053, -8.885496183206106, -10.83969465648855]
2022-04-04 13:18:12.837053: [-9.758765966796874, 0.63206923828125, -1.0654197387695312, -92.03053435114504, -9.267175572519085, -11.877862595419847]
2022-04-04 13:18:12.874669: [-9.792284790039062, 0.6871358764648438, -1.4030021728515625, -99.07633587786259, -7.8396946564885495, -12.770992366412214]
2022-04-04 13:18:12.912011: [-9.509768994140625, 0.8643067993164062, -1.7860744384765623, -104.12213740458016, -9.854961832061068, -13.389312977099237]
2022-04-04 13:18:12.949313: [-9.713276135253906, 0.9097966308593749, -1.8219874633789062, -109.09160305343511, -10.251908396946565, -14.15267175572519]
2022-04-04 13:18:12.989407: [-9.773131176757811, 1.0726023437499999, -2.2481553588867187, -113.73282442748092, -10.603053435114504, -14.557251908396946]
2022-04-04 13:18:13.029849: [-9.610325463867188, 1.3287819213867187, -2.6096798095703124, -117.14503816793894, -10.274809160305344, -14.587786259541986]
2022-04-04 13:18:13.070362: [-9.540893615722656, 1.0749965454101562, -3.327940307617187, -114.6030534351145, -10.19083969465649, -14.541984732824428]
2022-04-04 13:18:13.111090: [-9.334992272949219, 0.9792284790039062, -3.6104561035156246, -111.52671755725191, -10.49618320610687, -14.183206106870228]
2022-04-04 13:18:13.151235: [-9.205705383300781, 0.8858546142578124, -3.632003918457031, -106.92366412213741, -10.022900763358779, -13.51908396946565]
2022-04-04 13:18:13.191666: [-9.600748657226562, 0.5195417602539062, -4.302380383300781, -101.96946564885496, -9.740458015267176, -12.641221374045802]
2022-04-04 13:18:13.232073: [-9.208099584960937, 0.4381389038085937, -3.845087866210937, -95.90839694656489, -9.13740458015267, -12.022900763358779]
2022-04-04 13:18:13.273019: [-9.5001921875, 0.5147533569335937, -3.5122938354492184, -91.41221374045801, -9.053435114503817, -11.305343511450381]
2022-04-04 13:18:13.313189: [-9.418789331054686, 0.22266075439453123, -3.134009973144531, -88.55725190839695, -8.763358778625955, -11.17557251908397]
2022-04-04 13:18:13.353625: [-9.483432775878907, 0.3232172241210937, -3.0238766967773434, -86.99236641221374, -8.641221374045802, -10.801526717557252]
2022-04-04 13:18:13.394075: [-9.394847314453125, 0.1771709228515625, -3.1100679565429687, -84.19083969465649, -8.80916030534351, -10.49618320610687]
2022-04-04 13:18:13.434493: [-9.430760339355468, 0.14604630126953125, -3.1220389648437497, -83.00763358778626, -8.633587786259541, -10.374045801526718]
2022-04-04 13:18:13.474937: [-9.356540087890625, 0.033518823242187495, -3.864241479492187, -78.90839694656489, -8.633587786259541, -9.84732824427481]
2022-04-04 13:18:13.515671: [-9.437942944335937, -0.062249243164062495, -3.2920272827148436, -74.77862595419847, -8.32824427480916, -9.351145038167939]
2022-04-04 13:18:13.556129: [-9.382876306152344, -0.15322890625, -3.1100679565429687, -72.86259541984732, -8.213740458015268, -9.129770992366412]
2022-04-04 13:18:13.596578: [-9.514557397460937, -0.02633621826171875, -2.6336218261718747, -73.2824427480916, -7.99236641221374, -9.351145038167939]
2022-04-04 13:18:13.636970: [-9.49300958251953, 0.14604630126953125, -3.0406361083984375, -73.01526717557252, -9.709923664122137, -9.923664122137405]
2022-04-04 13:18:13.677455: [-12.203245861816406, -0.7685387329101562, 12.066776367187499, -45.9236641221374, -8.0, -8.908396946564885]
2022-04-04 13:18:13.717584: [-10.16338604736328, 0.8259995727539062, 0.6464344482421874, -49.30534351145038, 0.6030534351145038, -5.778625954198473]
2022-04-04 13:18:13.757837: [-6.4643444824218745, -3.8379052612304685, -19.6133, 20.259541984732824, -18.297709923664122, 7.3816793893129775]
2022-04-04 13:18:13.798034: [-13.180080139160156, -1.6160861206054686, 1.7573440185546874, 28.053435114503817, -16.14503816793893, 0.12213740458015267]
2022-04-04 13:18:13.838221: [-12.361263171386717, 1.2761094848632812, -4.244919543457031, -6.175572519083969, -1.7557251908396947, -0.8473282442748091]
2022-04-04 13:18:13.878420: [-7.939172705078125, 0.15322890625, -0.82360537109375, -21.46564885496183, -7.0, -1.4198473282442747]
2022-04-04 13:18:13.918617: [-5.777208605957031, 0.44053310546874996, -8.595183959960938, -13.633587786259541, -11.748091603053435, -1.6488549618320612]
2022-04-04 13:18:13.958814: [-8.9255837890625, -1.0486603271484374, 2.959233251953125, 4.412213740458015, -3.564885496183206, 1.251908396946565]
2022-04-04 13:18:13.998908: [-9.196128576660156, -0.4333505004882812, 1.4772224243164063, -7.0, -4.190839694656488, -0.7786259541984732]
2022-04-04 13:18:14.039060: [-9.34696328125, -2.3726538452148436, -3.6559459350585937, -5.694656488549619, -4.587786259541985, 0.3282442748091603]
2022-04-04 13:18:14.079256: [-9.732429748535155, -0.5985504150390625, -1.1372457885742187, 2.9618320610687023, -1.6106870229007633, 0.5648854961832062]
2022-04-04 13:18:14.119383: [-9.3852705078125, -0.028730419921875, -1.659181750488281, -4.625954198473282, -4.977099236641221, 0.0916030534351145]
2022-04-04 13:18:14.159521: [-9.294290844726563, -0.5315127685546874, -3.5697546752929687, 0.5648854961832062, -3.0839694656488548, 0.2900763358778626]
2022-04-04 13:18:14.199733: [-9.60793126220703, -0.5889736083984375, -1.5610194824218748, -1.366412213740458, -3.4885496183206106, 0.007633587786259542]
2022-04-04 13:18:14.239880: [-9.373299499511718, -0.7517793212890624, -2.6695348510742187, -2.4198473282442747, -3.450381679389313, 0.15267175572519084]
2022-04-04 13:18:14.280048: [-9.382876306152344, -0.6488286499023437, -2.27927998046875, -1.0458015267175573, -3.3053435114503817, -0.015267175572519083]
2022-04-04 13:18:14.320192: [-9.631873278808593, -0.6655880615234374, -2.4851813232421875, -2.6946564885496183, -2.0, -0.25190839694656486]
2022-04-04 13:18:14.360313: [-9.449913952636718, -0.8810662109374999, -3.1459809814453124, -2.5877862595419847, -3.7022900763358777, 1.9083969465648856]
2022-04-04 13:18:14.400503: [-9.418789331054686, -0.7278373046875, -2.612074011230469, -1.7099236641221374, -3.5343511450381677, 0.183206106870229]
2022-04-04 13:18:14.440629: [-9.471461767578125, -0.6488286499023437, -2.4947581298828125, -2.717557251908397, -3.854961832061069, -1.9465648854961832]
2022-04-04 13:18:14.480807: [-9.459490759277344, -0.7278373046875, -2.7653029174804686, -2.2290076335877864, -3.7480916030534353, 0.05343511450381679]
2022-04-04 13:18:14.520924: [-9.483432775878907, -0.6368576416015624, -2.5857377929687497, -0.015267175572519083, -3.7251908396946565, 1.8931297709923665]
2022-04-04 13:18:14.561054: [-9.349357482910156, -0.6536170532226562, -2.6312276245117188, -2.2519083969465647, -3.7786259541984735, 1.916030534351145]
2022-04-04 13:18:14.601221: [-9.404424121093749, -0.7110778930664062, -2.858676782226562, -1.7709923664122138, -3.4198473282442747, 0.2595419847328244]
2022-04-04 13:18:14.641366: [-9.421183532714844, -0.6943184814453125, -2.6862942626953124, -1.618320610687023, -3.3969465648854964, 0.08396946564885496]
2022-04-04 13:18:14.681536: [-9.533711010742186, -0.6751648681640625, -2.4875755249023435, -2.6946564885496183, -3.732824427480916, 1.9312977099236641]
2022-04-04 13:18:14.721715: [-9.409212524414063, -0.7326257080078125, -2.978386865234375, -1.015267175572519, -3.0, 0.07633587786259542]
2022-04-04 13:18:14.761844: [-9.605537060546874, -0.6607996582031249, -2.5953145996093747, -1.786259541984733, -3.4885496183206106, 0.15267175572519084]
2022-04-04 13:18:14.802014: [-9.433154541015625, -0.6751648681640625, -3.019088293457031, 0.3511450381679389, -3.427480916030534, 0.24427480916030533]
2022-04-04 13:18:14.842143: [-9.488221179199218, -0.7062894897460937, -1.9536685546875, 2.053435114503817, -2.9389312977099236, 0.22137404580152673]
2022-04-04 13:18:14.882303: [-9.234435803222656, -0.6919242797851562, -2.4013842651367185, 0.7786259541984732, -2.7251908396946565, 0.3053435114503817]
2022-04-04 13:18:14.922504: [-9.548076220703125, -0.7230489013671875, -2.5905261962890624, -0.3053435114503817, -3.0610687022900764, 0.26717557251908397]
2022-04-04 13:18:14.962766: [-9.469067565917967, -0.7541735229492187, -2.0063409912109376, -1.1908396946564885, -3.4122137404580153, 0.12213740458015267]
2022-04-04 13:18:15.002952: [-9.519345800781249, -0.7062894897460937, -2.616862414550781, -2.1068702290076335, -3.6106870229007635, 1.8931297709923665]
2022-04-04 13:18:15.043104: [-9.483432775878907, -0.6536170532226562, -2.6240450195312497, -3.0610687022900764, -3.9083969465648853, -0.1297709923664122]
2022-04-04 13:18:15.082610: [-9.452308154296874, -0.6655880615234374, -2.6575638427734374, -3.717557251908397, -4.0458015267175576, -0.022900763358778626]
2022-04-04 13:18:15.119850: [-9.516951599121093, -0.6607996582031249, -2.77727392578125, -4.137404580152672, -3.7404580152671754, -0.13740458015267176]
2022-04-04 13:18:15.157072: [-9.490615380859374, -0.6823474731445313, -2.4971523315429685, -4.015267175572519, -3.6793893129770994, -0.40458015267175573]
2022-04-04 13:18:15.194358: [-9.402029919433593, -0.737414111328125, -2.568978381347656, -5.854961832061068, -3.7099236641221376, -0.42748091603053434]
2022-04-04 13:18:15.231549: [-9.488221179199218, -0.6943184814453125, -3.1316157714843746, -1.633587786259542, -2.8396946564885495, -0.09923664122137404]
2022-04-04 13:18:15.268779: [-9.258377819824219, -0.8355763793945312, -2.4253262817382812, -0.9770992366412213, -5.679389312977099, 0.183206106870229]
2022-04-04 13:18:15.305985: [-9.469067565917967, -0.6464344482421874, -2.834734765625, -0.7786259541984732, -3.5419847328244276, 0.3282442748091603]
2022-04-04 13:18:15.343202: [-9.521740002441407, -0.70868369140625, -2.868253588867187, -1.1068702290076335, -3.3282442748091605, 0.22137404580152673]
2022-04-04 13:18:15.380487: [-9.370905297851563, -0.6057330200195312, -2.2840683837890623, -1.633587786259542, -3.6793893129770994, 0.007633587786259542]
2022-04-04 13:18:15.417739: [-9.490615380859374, -0.6272808349609375, -2.5857377929687497, -2.213740458015267, -3.633587786259542, 0.06870229007633588]
2022-04-04 13:18:15.454994: [-9.536105212402344, -0.6679822631835937, -2.882618798828125, -2.786259541984733, -3.5114503816793894, -0.16793893129770993]
2022-04-04 13:18:15.492398: [-9.418789331054686, -0.6871358764648438, -2.5617957763671875, -3.045801526717557, -3.6106870229007635, -0.2595419847328244]
2022-04-04 13:18:15.529635: [-9.464279162597656, -0.7445967163085937, -2.6767174560546874, -3.1603053435114505, -3.633587786259542, -0.3511450381679389]
2022-04-04 13:18:15.566858: [-9.639055883789062, -0.6655880615234374, -2.789244934082031, -3.0229007633587788, -3.6564885496183206, -0.007633587786259542]
2022-04-04 13:18:15.606782: [-9.203311181640624, -0.7326257080078125, -2.7533319091796873, -1.9541984732824427, -3.786259541984733, 0.10687022900763359]
2022-04-04 13:18:15.646869: [-9.457096557617186, -0.6607996582031249, -2.722207287597656, -1.183206106870229, -3.6717557251908395, 0.12213740458015267]
2022-04-04 13:18:15.687367: [-9.449913952636718, -0.6081272216796875, -2.5258827514648434, -1.2595419847328244, -3.633587786259542, -1.9083969465648856]
2022-04-04 13:18:15.727525: [-9.490615380859374, -0.6177040283203125, -2.5067291381835934, -1.5572519083969465, -3.854961832061069, -0.030534351145038167]
2022-04-04 13:18:15.767608: [-9.464279162597656, -0.6488286499023437, -2.8514941772460936, -2.015267175572519, -3.6946564885496183, 0.08396946564885496]
2022-04-04 13:18:15.807787: [-9.402029919433593, -0.7015010864257812, -2.5067291381835934, -2.2290076335877864, -3.66412213740458, -0.03816793893129771]
2022-04-04 13:18:15.847871: [-9.610325463867188, -0.7398083129882812, -2.6479870361328124, -2.5877862595419847, -3.4885496183206106, -0.17557251908396945]
2022-04-04 13:18:15.887991: [-9.452308154296874, -0.6919242797851562, -2.70065947265625, -2.6717557251908395, -3.549618320610687, -0.16030534351145037]
2022-04-04 13:18:15.928078: [-9.411606726074218, -0.737414111328125, -2.73896669921875, -2.49618320610687, -3.6030534351145036, -0.061068702290076333]
2022-04-04 13:18:15.968197: [-9.375693701171874, -0.6464344482421874, -2.722207287597656, -1.8549618320610688, -3.7251908396946565, -0.0916030534351145]
2022-04-04 13:18:16.008341: [-9.382876306152344, -0.7062894897460937, -2.7820623291015623, -1.5267175572519085, -3.633587786259542, -0.17557251908396945]
2022-04-04 13:18:16.048399: [-9.5001921875, -0.689530078125, -2.6336218261718747, -1.534351145038168, -3.5419847328244276, 0.030534351145038167]
2022-04-04 13:18:16.088533: [-9.402029919433593, -0.7445967163085937, -2.5857377929687497, -1.6412213740458015, -3.7099236641221376, 0.10687022900763359]
2022-04-04 13:18:16.128615: [-9.466673364257812, -0.7206546997070312, -2.7461493041992187, -1.9923664122137406, -3.7557251908396947, 0.08396946564885496]
2022-04-04 13:18:16.168686: [-9.466673364257812, -0.6631938598632812, -2.5665841796874997, -0.06870229007633588, -3.648854961832061, 0.03816793893129771]
2022-04-04 13:18:16.208813: [-9.418789331054686, -0.7565677246093749, -2.750937707519531, -2.1755725190839694, -3.519083969465649, -0.15267175572519084]
2022-04-04 13:18:16.248899: [-9.4618849609375, -0.689530078125, -2.6503812377929687, -2.33587786259542, -3.5801526717557253, 0.08396946564885496]
2022-04-04 13:18:16.289030: [-9.45470235595703, -0.7278373046875, -2.731784094238281, -2.3282442748091605, -3.6030534351145036, 1.8854961832061068]
2022-04-04 13:18:16.329110: [-9.449913952636718, -0.689530078125, -2.8850130004882812, -2.4122137404580153, -3.450381679389313, 1.9236641221374047]
2022-04-04 13:18:16.369240: [-9.418789331054686, -0.6847416748046875, -2.6144682128906247, -1.7709923664122138, -3.5801526717557253, 0.030534351145038167]
2022-04-04 13:18:16.409455: [-9.519345800781249, -0.6871358764648438, -2.6312276245117188, -1.7633587786259541, -3.5267175572519083, -1.9465648854961832]
2022-04-04 13:18:16.449603: [-9.485826977539062, -0.6655880615234374, -2.7246014892578123, -1.7938931297709924, -3.633587786259542, 1.900763358778626]
2022-04-04 13:18:16.489739: [-9.440337145996093, -0.6847416748046875, -2.6408044311523438, -1.7404580152671756, -3.6259541984732824, -0.1450381679389313]
2022-04-04 13:18:16.529865: [-9.504980590820312, -0.7230489013671875, -2.741360900878906, -1.83206106870229, -3.5572519083969465, -1.9465648854961832]
2022-04-04 13:18:16.569954: [-9.624690673828125, -0.6655880615234374, -2.6575638427734374, -2.0, -3.549618320610687, 1.8549618320610688]
2022-04-04 13:18:16.607909: [-9.452308154296874, -0.7062894897460937, -2.6695348510742187, -2.1603053435114505, -3.564885496183206, 0.16030534351145037]
2022-04-04 13:18:16.645146: [-9.516951599121093, -0.7134720947265625, -2.703053674316406, -2.3969465648854964, -3.5267175572519083, -0.007633587786259542]
2022-04-04 13:18:16.682372: [-9.433154541015625, -0.7062894897460937, -2.712630480957031, -2.3740458015267176, -3.6106870229007635, 0.030534351145038167]
2022-04-04 13:18:16.719619: [-9.356540087890625, -0.7158662963867187, -2.655169641113281, -2.2595419847328246, -3.7099236641221376, 0.08396946564885496]
2022-04-04 13:18:16.756874: [-9.473855969238281, -0.74699091796875, -2.6312276245117188, -2.267175572519084, -3.633587786259542, 0.061068702290076333]
2022-04-04 13:18:16.794161: [-9.483432775878907, -0.7326257080078125, -2.6408044311523438, -0.015267175572519083, -3.595419847328244, -0.16793893129770993]
2022-04-04 13:18:16.831408: [-9.375693701171874, -0.6871358764648438, -2.73896669921875, -1.8625954198473282, -3.618320610687023, 0.17557251908396945]
2022-04-04 13:18:16.868692: [-9.476250170898437, -0.6871358764648438, -2.6910826660156246, -1.7251908396946565, -3.6793893129770994, -0.015267175572519083]
2022-04-04 13:18:16.905983: [-9.363722692871093, -0.7302315063476562, -2.6096798095703124, -1.8549618320610688, -3.435114503816794, 0.2824427480916031]
2022-04-04 13:18:16.943216: [-9.459490759277344, -0.6943184814453125, -2.616862414550781, -1.8396946564885497, -3.5114503816793894, -1.9312977099236641]
2022-04-04 13:18:16.980459: [-9.473855969238281, -0.689530078125, -2.6288334228515624, -1.8473282442748091, -3.763358778625954, 0.16030534351145037]
2022-04-04 13:18:17.017754: [-9.366116894531249, -0.6847416748046875, -2.6910826660156246, -1.9770992366412214, -3.4885496183206106, -1.8396946564885497]
2022-04-04 13:18:17.055016: [-9.504980590820312, -0.7613561279296874, -2.6958710693359373, -2.1755725190839694, -3.687022900763359, -0.09923664122137404]
2022-04-04 13:18:17.092289: [-9.481038574218749, -0.699106884765625, -2.674323254394531, -2.1755725190839694, -3.763358778625954, -0.13740458015267176]
2022-04-04 13:18:17.129537: [-9.375693701171874, -0.6823474731445313, -2.731784094238281, -2.1755725190839694, -3.5572519083969465, 1.9083969465648856]
2022-04-04 13:18:17.166799: [-9.478644372558593, -0.6655880615234374, -2.8802245971679685, -2.198473282442748, -3.572519083969466, 0.05343511450381679]
2022-04-04 13:18:17.204070: [-9.64623848876953, -0.7015010864257812, -2.7437551025390623, -2.0839694656488548, -3.648854961832061, -1.9465648854961832]
2022-04-04 13:18:17.241324: [-9.476250170898437, -0.6679822631835937, -2.8610709838867185, -2.068702290076336, -3.572519083969466, 1.8778625954198473]
2022-04-04 13:18:17.278569: [-9.435548742675781, -0.7015010864257812, -2.8227637573242186, -1.9389312977099236, -3.6106870229007635, -0.030534351145038167]
2022-04-04 13:18:17.315883: [-9.504980590820312, -0.7613561279296874, -2.7269956909179687, -1.7633587786259541, -3.3893129770992365, 0.09923664122137404]
2022-04-04 13:18:17.353126: [-9.543287817382812, -0.7493851196289062, -2.6862942626953124, -1.8015267175572518, -3.595419847328244, 0.22900763358778625]
2022-04-04 13:18:17.390383: [-9.4618849609375, -0.7278373046875, -2.693476867675781, -1.816793893129771, -3.480916030534351, -0.09923664122137404]
2022-04-04 13:18:17.427639: [-9.610325463867188, -0.6943184814453125, -2.6886884643554687, -1.9389312977099236, -3.7786259541984735, 0.12213740458015267]
2022-04-04 13:18:17.464906: [-9.449913952636718, -0.6967126831054687, -2.7078420776367187, -1.9618320610687023, -3.618320610687023, -0.03816793893129771]
2022-04-04 13:18:17.502155: [-9.516951599121093, -0.7493851196289062, -2.7054478759765623, -2.16793893129771, -3.633587786259542, 0.05343511450381679]
2022-04-04 13:18:17.539407: [-9.473855969238281, -0.7134720947265625, -2.636016027832031, -2.1908396946564888, -3.5877862595419847, 0.03816793893129771]
2022-04-04 13:18:17.576656: [-9.380482104492186, -0.7326257080078125, -2.6767174560546874, -2.1526717557251906, -3.7786259541984735, -0.1297709923664122]
2022-04-04 13:18:17.614013: [-9.5001921875, -0.6919242797851562, -2.750937707519531, -2.1603053435114505, -3.50381679389313, -1.9312977099236641]
2022-04-04 13:18:17.651249: [-9.483432775878907, -0.7158662963867187, -2.7581203125, -2.1068702290076335, -3.5572519083969465, -0.22137404580152673]
2022-04-04 13:18:17.688486: [-9.600748657226562, -0.6703764648437499, -2.7844565307617186, -2.0, -3.6412213740458017, 0.015267175572519083]
2022-04-04 13:18:17.725712: [-9.5001921875, -0.70868369140625, -2.7581203125, -3.8473282442748094, -3.6717557251908395, 0.13740458015267176]
2022-04-04 13:18:17.762944: [-9.481038574218749, -0.6943184814453125, -2.6575638427734374, -0.007633587786259542, -3.5572519083969465, 0.07633587786259542]
2022-04-04 13:18:17.800479: [-9.557653027343749, -0.70868369140625, -2.7054478759765623, -0.015267175572519083, -3.5343511450381677, -0.10687022900763359]
2022-04-04 13:18:17.837781: [-9.617508068847656, -0.6368576416015624, -2.760514514160156, -0.04580152671755725, -3.8473282442748094, 0.0916030534351145]
2022-04-04 13:18:17.875253: [-9.478644372558593, -0.6751648681640625, -2.6719290527343746, -2.099236641221374, -3.6412213740458017, 0.16030534351145037]
2022-04-04 13:18:17.912530: [-9.447519750976562, -0.7326257080078125, -2.693476867675781, -2.2519083969465647, -3.5877862595419847, 0.05343511450381679]
2022-04-04 13:18:17.949803: [-9.610325463867188, -0.7038952880859375, -2.6791116577148437, -2.198473282442748, -3.6564885496183206, -0.061068702290076333]
2022-04-04 13:18:17.987069: [-9.56962403564453, -0.6655880615234374, -2.70065947265625, -2.1755725190839694, -3.519083969465649, 0.015267175572519083]
2022-04-04 13:18:18.027133: [-9.457096557617186, -0.74699091796875, -2.6862942626953124, -2.1603053435114505, -3.6106870229007635, -0.183206106870229]
2022-04-04 13:18:18.067475: [-9.466673364257812, -0.6607996582031249, -2.7533319091796873, -2.145038167938931, -3.648854961832061, -1.9465648854961832]
2022-04-04 13:18:18.107711: [-9.404424121093749, -0.7326257080078125, -2.7437551025390623, -2.0610687022900764, -3.6564885496183206, 0.03816793893129771]
2022-04-04 13:18:18.147865: [-9.483432775878907, -0.7876923461914062, -2.7078420776367187, -1.9618320610687023, -3.6564885496183206, -0.022900763358778626]
2022-04-04 13:18:18.188011: [-9.5001921875, -0.7302315063476562, -2.70065947265625, -1.9083969465648856, -3.7022900763358777, 0.09923664122137404]
2022-04-04 13:18:18.228206: [-9.437942944335937, -0.7350199096679687, -2.616862414550781, -3.816793893129771, -3.7480916030534353, -1.9083969465648856]
2022-04-04 13:18:18.268358: [-9.643844287109374, -0.6751648681640625, -2.7437551025390623, -1.8244274809160306, -3.6717557251908395, 0.061068702290076333]
2022-04-04 13:18:18.308534: [-9.469067565917967, -0.7134720947265625, -2.664746447753906, -0.06870229007633588, -3.6717557251908395, 0.10687022900763359]
2022-04-04 13:18:18.348674: [-9.445125549316407, -0.7493851196289062, -2.7150246826171873, -1.9923664122137406, -3.5801526717557253, -0.007633587786259542]
2022-04-04 13:18:18.388809: [-9.627084875488281, -0.6775590698242188, -2.6719290527343746, -2.1526717557251906, -3.717557251908397, 0.03816793893129771]
2022-04-04 13:18:18.429023: [-9.452308154296874, -0.6679822631835937, -2.6767174560546874, -2.2213740458015265, -3.6030534351145036, 0.015267175572519083]
2022-04-04 13:18:18.469142: [-9.469067565917967, -0.7038952880859375, -2.6862942626953124, -2.114503816793893, -3.83206106870229, -0.03816793893129771]
2022-04-04 13:18:18.509358: [-9.425971936035156, -0.6631938598632812, -2.7557261108398436, -2.1297709923664123, -3.6793893129770994, 0.06870229007633588]
2022-04-04 13:18:18.549504: [-9.476250170898437, -0.718260498046875, -2.6144682128906247, -2.0381679389312977, -3.633587786259542, -1.916030534351145]
2022-04-04 13:18:18.589638: [-9.483432775878907, -0.70868369140625, -2.6862942626953124, -1.9312977099236641, -3.687022900763359, 0.21374045801526717]
2022-04-04 13:18:18.629813: [-9.612719665527344, -0.6248866333007812, -2.6767174560546874, -2.015267175572519, -3.7938931297709924, 0.183206106870229]
2022-04-04 13:18:18.669954: [-9.497797985839844, -0.6871358764648438, -2.750937707519531, -1.83206106870229, -3.4885496183206106, 1.9312977099236641]
2022-04-04 13:18:18.710125: [-9.478644372558593, -0.7158662963867187, -2.530671154785156, -1.8549618320610688, -3.4427480916030535, 0.061068702290076333]
2022-04-04 13:18:18.750280: [-9.430760339355468, -0.6847416748046875, -2.6240450195312497, -2.053435114503817, -3.7022900763358777, 0.12213740458015267]
2022-04-04 13:18:18.790405: [-9.449913952636718, -0.689530078125, -2.655169641113281, -2.0, -3.480916030534351, 0.015267175572519083]
2022-04-04 13:18:18.830600: [-9.402029919433593, -0.7206546997070312, -2.8610709838867185, -2.1755725190839694, -3.5114503816793894, -0.015267175572519083]
2022-04-04 13:18:18.870760: [-9.495403784179686, -0.7326257080078125, -2.731784094238281, -2.16793893129771, -3.6030534351145036, -0.030534351145038167]
2022-04-04 13:18:18.910956: [-9.430760339355468, -0.6943184814453125, -2.7054478759765623, -2.099236641221374, -3.6259541984732824, 0.12213740458015267]
2022-04-04 13:18:18.951068: [-9.485826977539062, -0.699106884765625, -2.6791116577148437, -2.2213740458015265, -3.6106870229007635, 1.9236641221374047]
2022-04-04 13:18:18.991158: [-9.414000927734374, -0.74699091796875, -2.602497204589844, -2.0, -3.50381679389313, 0.10687022900763359]
2022-04-04 13:18:19.032167: [-9.619902270507811, -0.7326257080078125, -2.6767174560546874, -1.8396946564885497, -3.618320610687023, 0.0916030534351145]
2022-04-04 13:18:19.073036: [-9.490615380859374, -0.7134720947265625, -2.6599580444335937, -3.9083969465648853, -3.50381679389313, -1.9465648854961832]
2022-04-04 13:18:19.112748: [-9.354145886230468, -0.7015010864257812, -2.6958710693359373, -1.8702290076335877, -3.564885496183206, -0.015267175572519083]
2022-04-04 13:18:19.150025: [-9.485826977539062, -0.7350199096679687, -2.6575638427734374, -2.0916030534351147, -3.687022900763359, 0.007633587786259542]
2022-04-04 13:18:19.187299: [-9.464279162597656, -0.7398083129882812, -2.5570073730468748, -1.9694656488549618, -3.4885496183206106, 0.07633587786259542]
2022-04-04 13:18:19.226791: [-9.449913952636718, -0.7398083129882812, -2.6791116577148437, -2.114503816793893, -3.5343511450381677, 1.916030534351145]
2022-04-04 13:18:19.266952: [-9.516951599121093, -0.6703764648437499, -2.703053674316406, -2.0839694656488548, -3.49618320610687, -0.07633587786259542]
2022-04-04 13:18:19.307130: [-9.437942944335937, -0.6967126831054687, -2.645592834472656, -2.236641221374046, -3.6030534351145036, 1.8778625954198473]
2022-04-04 13:18:19.347318: [-9.449913952636718, -0.7110778930664062, -2.863465185546875, -2.0076335877862594, -3.519083969465649, -0.10687022900763359]
2022-04-04 13:18:19.387548: [-9.476250170898437, -0.70868369140625, -2.626439221191406, -2.068702290076336, -3.351145038167939, 0.061068702290076333]
2022-04-04 13:18:19.427729: [-9.497797985839844, -0.7302315063476562, -2.710236279296875, -2.122137404580153, -3.5877862595419847, -0.12213740458015267]
2022-04-04 13:18:19.467878: [-9.41639512939453, -0.6392518432617187, -2.6312276245117188, -1.9312977099236641, -3.5801526717557253, -0.06870229007633588]
2022-04-04 13:18:19.507985: [-9.504980590820312, -0.679953271484375, -2.6767174560546874, -1.9083969465648856, -3.7022900763358777, -0.09923664122137404]
2022-04-04 13:18:19.548154: [-9.45470235595703, -0.6967126831054687, -2.7365724975585937, -2.0229007633587788, -3.6793893129770994, 0.0]
